    % Trans. freq. (MHz):    Doppler-shift freq. (MHz):                Intensity (K):              Integrated Int.:                    E_low (K):                         g_up:           Einstein A (s^(-1):     Molecule name:
    9.716412870000000E+04         9.714558991420560E+04         0.000000000000000E+00         0.000000000000000E+00         2.366871402523000E+00         7.000000000000000E+00         3.726710000000000E-06     C2H5CN;v=0;
    9.568977559999999E+04         9.567151811880506E+04         0.000000000000000E+00         0.000000000000000E+00         2.435848865921000E+00         7.000000000000000E+00         3.673950000000000E-06     C2H5CN;v=0;
    9.278679640000001E+04         9.276909280335356E+04         0.000000000000000E+00         0.000000000000000E+00         2.575169184498000E+00         7.000000000000000E+00         1.836350000000000E-08     C2H5CN;v=0;
    1.069056947000000E+05         1.068852972364426E+05         0.000000000000000E+00         0.000000000000000E+00         3.620646362041000E+00         9.000000000000000E+00         4.215300000000000E-06     C2H5CN;v=0;
    1.039200880000000E+05         1.039002601862076E+05         0.000000000000000E+00         0.000000000000000E+00         3.758592656223000E+00         9.000000000000000E+00         4.127840000000000E-06     C2H5CN;v=0;
    9.285665040000000E+04         9.283893347530378E+04         0.000000000000000E+00         0.000000000000000E+00         4.289554529214000E+00         9.000000000000000E+00         3.304620000000000E-08     C2H5CN;v=0;
    9.298992920000000E+04         9.297218684588702E+04         0.000000000000000E+00         0.000000000000000E+00         6.429861538538000E+00         1.100000000000000E+01         5.140410000000000E-08     C2H5CN;v=0;
    9.321653620000000E+04         9.319875060957452E+04         0.000000000000000E+00         0.000000000000000E+00         8.994339230597001E+00         1.300000000000000E+01         7.340480000000000E-08     C2H5CN;v=0;
    9.357115150000001E+04         9.355329824944960E+04         0.000000000000000E+00         0.000000000000000E+00         1.198094743094900E+01         1.500000000000000E+01         9.902870000000000E-08     C2H5CN;v=0;
    9.394930600000000E+04         9.393138059807678E+04         0.000000000000000E+00         0.000000000000000E+00         1.538741288457400E+01         1.900000000000000E+01         4.374160000000000E-06     C2H5CN;v=0;
    9.409206400000000E+04         9.407411136004132E+04         0.000000000000000E+00         0.000000000000000E+00         1.538741288457400E+01         1.700000000000000E+01         1.282810000000000E-07     C2H5CN;v=0;
    1.058094911000000E+05         1.057893027906233E+05         0.000000000000000E+00         0.000000000000000E+00         1.696986886706600E+01         1.500000000000000E+01         7.107060000000000E-09     C2H5CN;v=0;
    1.084788128000000E+05         1.084581151876132E+05         0.000000000000000E+00         0.000000000000000E+00         1.903787629537100E+01         1.100000000000000E+01         5.155790000000000E-07     C2H5CN;v=0;
    1.084727810000000E+05         1.084520845384726E+05         0.000000000000000E+00         0.000000000000000E+00         1.903816548794000E+01         1.100000000000000E+01         5.154310000000000E-07     C2H5CN;v=0;
    9.481944100000001E+04         9.480134957748263E+04         0.000000000000000E+00         0.000000000000000E+00         1.921130982693800E+01         1.900000000000000E+01         1.610880000000000E-07     C2H5CN;v=0;
    1.010916760000000E+05         1.010723878434340E+05         2.053159682030556E+00         6.646549023363291E+01         1.921130982693800E+01         2.100000000000000E+01         5.595430000000000E-06     C2H5CN;v=0;
    9.154911210000000E+04         9.153164465186253E+04         0.000000000000000E+00         0.000000000000000E+00         2.092723609325300E+01         2.100000000000000E+01         6.237720000000000E-05     C2H5CN;v=0;
    9.504381960000000E+04         9.502568536634588E+04         0.000000000000000E+00         0.000000000000000E+00         2.092723609325300E+01         1.700000000000000E+01         7.406060000000000E-09     C2H5CN;v=0;
    9.950223850000001E+04         9.948325360598310E+04         1.351675578984295E-01         4.247411632982541E+00         2.204717388285300E+01         1.300000000000000E+01         5.763380000000000E-07     C2H5CN;v=0;
    9.948716110000000E+04         9.946817908273084E+04         1.297605570614655E-01         4.335429026005794E+00         2.204789614489100E+01         1.300000000000000E+01         5.761190000000000E-07     C2H5CN;v=0;
    9.579332399999999E+04         9.577504676190883E+04         0.000000000000000E+00         0.000000000000000E+00         2.345015782028500E+01         2.100000000000000E+01         1.974720000000000E-07     C2H5CN;v=0;
    9.691976200000000E+04         9.690126983904511E+04         0.000000000000000E+00         0.000000000000000E+00         2.345015782028500E+01         2.300000000000000E+01         7.492280000000000E-05     C2H5CN;v=0;
    1.082103809000000E+05         1.081897345040607E+05         0.000000000000000E+00         0.000000000000000E+00         2.345015782028500E+01         2.300000000000000E+01         7.059300000000000E-06     C2H5CN;v=0;
    9.045334940000001E+04         9.043609102192006E+04         0.000000000000000E+00         0.000000000000000E+00         2.387663628849600E+01         2.100000000000000E+01         5.836170000000000E-05     C2H5CN;v=0;
    9.544247900000001E+04         9.542426870266558E+04         0.000000000000000E+00         0.000000000000000E+00         2.406291658846400E+01         2.300000000000000E+01         7.111790000000000E-05     C2H5CN;v=0;
    1.103232795000000E+05         1.103022299658339E+05         0.000000000000000E+00         0.000000000000000E+00         2.406291658846400E+01         1.900000000000000E+01         9.096920000000000E-09     C2H5CN;v=0;
    1.006142810000000E+05         1.005950839297615E+05         2.685640043823311E+01         8.767633499089077E+02         2.532087692700300E+01         2.300000000000000E+01         8.329080000000000E-05     C2H5CN;v=0;
    9.051563830000001E+04         9.049836803728125E+04         0.000000000000000E+00         0.000000000000000E+00         2.548700870589500E+01         1.500000000000000E+01         5.473790000000000E-07     C2H5CN;v=0;
    9.048247680000000E+04         9.046521286445110E+04         0.000000000000000E+00         0.000000000000000E+00         2.548859566810200E+01         1.500000000000000E+01         5.468019999999999E-07     C2H5CN;v=0;
    9.817757399999999E+04         9.815884185019789E+04         0.000000000000000E+00         0.000000000000000E+00         2.804748662013400E+01         2.300000000000000E+01         7.547659999999999E-05     C2H5CN;v=0;
    9.705111500000001E+04         9.703259777706840E+04         0.000000000000000E+00         0.000000000000000E+00         2.810154548777100E+01         2.300000000000000E+01         2.374320000000000E-07     C2H5CN;v=0;
    1.054693040000000E+05         1.054491805978669E+05         0.000000000000000E+00         0.000000000000000E+00         2.810154548777100E+01         2.500000000000000E+01         9.688240000000000E-05     C2H5CN;v=0;
    9.968146100000000E+04         9.966244191056980E+04         2.568572731622194E+01         8.443634031733778E+02         2.821768867652700E+01         2.300000000000000E+01         7.901560000000000E-05     C2H5CN;v=0;
    9.417867999999999E+04         9.416071083382437E+04         0.000000000000000E+00         0.000000000000000E+00         2.864340747470600E+01         2.500000000000000E+01         4.568410000000000E-06     C2H5CN;v=0;
    1.040512760000000E+05         1.040314231557126E+05         0.000000000000000E+00         0.000000000000000E+00         2.864340747470600E+01         2.500000000000000E+01         9.259800000000000E-05     C2H5CN;v=0;
    1.045092492000000E+05         1.044893089750386E+05         0.000000000000000E+00         0.000000000000000E+00         2.864340747470600E+01         2.100000000000000E+01         9.243690000000000E-09     C2H5CN;v=0;
    8.962848500000000E+04         8.961138400494428E+04         0.000000000000000E+00         0.000000000000000E+00         2.935757068200500E+01         2.100000000000000E+01         5.383380000000000E-05     C2H5CN;v=0;
    8.968471020000000E+04         8.966759847725133E+04         0.000000000000000E+00         0.000000000000000E+00         2.936073741257400E+01         2.100000000000000E+01         5.393040000000000E-05     C2H5CN;v=0;
    1.096502946000000E+05         1.096293734704527E+05         0.000000000000000E+00         0.000000000000000E+00         3.014957416974200E+01         2.500000000000000E+01         1.083270000000000E-04     C2H5CN;v=0;
    1.070435270000000E+05         1.070231032382241E+05         0.000000000000000E+00         0.000000000000000E+00         3.275924215732200E+01         2.500000000000000E+01         9.871340000000000E-05     C2H5CN;v=0;
    1.089405904000000E+05         1.089198046810648E+05         0.000000000000000E+00         0.000000000000000E+00         3.300162006060000E+01         2.500000000000000E+01         1.040930000000000E-04     C2H5CN;v=0;
    9.862529399999999E+04         9.860647642582073E+04         0.000000000000000E+00         0.000000000000000E+00         3.316324561498400E+01         2.500000000000000E+01         2.809940000000000E-07     C2H5CN;v=0;
    1.089406870000000E+05         1.089199012626337E+05         0.000000000000000E+00         0.000000000000000E+00         3.316324561498400E+01         2.300000000000000E+01         2.787200000000000E-08     C2H5CN;v=0;
    9.906807650000000E+04         9.904917444351198E+04         0.000000000000000E+00         0.000000000000000E+00         3.363705382821900E+01         2.300000000000000E+01         9.106600000000000E-09     C2H5CN;v=0;
    1.041056312000000E+05         1.040857679848132E+05         0.000000000000000E+00         0.000000000000000E+00         3.363705382821900E+01         2.700000000000000E+01         6.430360000000000E-06     C2H5CN;v=0;
    9.861009920000000E+04         9.859128452496824E+04         0.000000000000000E+00         0.000000000000000E+00         3.365903390223200E+01         2.300000000000000E+01         7.324189999999999E-05     C2H5CN;v=0;
    9.870110090000000E+04         9.868226886196561E+04         0.000000000000000E+00         0.000000000000000E+00         3.366490120221400E+01         2.300000000000000E+01         7.344670000000000E-05     C2H5CN;v=0;
    8.959002830000001E+04         8.957293464243121E+04         0.000000000000000E+00         0.000000000000000E+00         3.713887657485700E+01         2.100000000000000E+01         4.962860000000000E-05     C2H5CN;v=0;
    8.959101270000001E+04         8.957391885460902E+04         0.000000000000000E+00         0.000000000000000E+00         3.713891110531300E+01         2.100000000000000E+01         4.962910000000000E-05     C2H5CN;v=0;
    1.113158700000000E+05         1.112946310808942E+05         0.000000000000000E+00         0.000000000000000E+00         3.822991525032300E+01         2.500000000000000E+01         6.372950000000000E-06     C2H5CN;v=0;
    1.075940560000000E+05         1.075735271980273E+05         0.000000000000000E+00         0.000000000000000E+00         3.839154655978300E+01         2.500000000000000E+01         9.671120000000000E-05     C2H5CN;v=0;
    1.077347230000000E+05         1.077141673589518E+05         0.000000000000000E+00         0.000000000000000E+00         3.840178196244900E+01         2.500000000000000E+01         9.708760000000000E-05     C2H5CN;v=0;
    1.005414660000000E+05         1.005222828227661E+05         1.419386155996818E-01         4.508903819886884E+00         3.863330866992900E+01         2.700000000000000E+01         3.282580000000000E-07     C2H5CN;v=0;
    1.025564859000000E+05         1.025369182596644E+05         0.000000000000000E+00         0.000000000000000E+00         3.863330866992900E+01         2.500000000000000E+01         2.998660000000000E-08     C2H5CN;v=0;
    9.200092999999999E+04         9.198337634561153E+04         0.000000000000000E+00         0.000000000000000E+00         3.904319093772500E+01         2.700000000000000E+01         2.740690000000000E-06     C2H5CN;v=0;
    9.401589030000000E+04         9.399795219388140E+04         0.000000000000000E+00         0.000000000000000E+00         3.904319093772500E+01         2.500000000000000E+01         8.757140000000000E-09     C2H5CN;v=0;
    9.856482739999999E+04         9.854602136276713E+04         0.000000000000000E+00         0.000000000000000E+00         4.143849529322600E+01         2.300000000000000E+01         6.856780000000000E-05     C2H5CN;v=0;
    9.856679220000000E+04         9.854798578788592E+04         0.000000000000000E+00         0.000000000000000E+00         4.143857874182800E+01         2.300000000000000E+01         6.856920000000000E-05     C2H5CN;v=0;
    1.098813760000000E+05         1.098604107804307E+05         0.000000000000000E+00         0.000000000000000E+00         4.390370080182300E+01         2.700000000000000E+01         6.269710000000000E-06     C2H5CN;v=0;
    9.668188959999999E+04         9.666344282478085E+04         0.000000000000000E+00         0.000000000000000E+00         4.451013474147800E+01         2.700000000000000E+01         3.101620000000000E-08     C2H5CN;v=0;
    1.028167370000000E+05         1.027971197041026E+05         0.000000000000000E+00         0.000000000000000E+00         4.451013474147800E+01         2.900000000000000E+01         3.793030000000000E-07     C2H5CN;v=0;
    9.550239999999999E+04         9.548417826981892E+04         0.000000000000000E+00         0.000000000000000E+00         4.486116416332900E+01         2.900000000000000E+01         2.977080000000000E-06     C2H5CN;v=0;
    1.075440420000000E+05         1.075235227406316E+05         0.000000000000000E+00         0.000000000000000E+00         4.616883540958700E+01         2.500000000000000E+01         9.156540000000000E-05     C2H5CN;v=0;
    1.098805780000000E+05         1.098596129326880E+05         0.000000000000000E+00         0.000000000000000E+00         4.616883540958700E+01         2.100000000000000E+01         1.067250000000000E-06     C2H5CN;v=0;
    1.075474600000000E+05         1.075269400884818E+05         0.000000000000000E+00         0.000000000000000E+00         4.616901237817400E+01         2.500000000000000E+01         9.156840000000000E-05     C2H5CN;v=0;
    1.098768763000000E+05         1.098559119389674E+05         0.000000000000000E+00         0.000000000000000E+00         4.616901237817400E+01         2.100000000000000E+01         1.067220000000000E-06     C2H5CN;v=0;
    8.956810400000001E+04         8.955101452555833E+04         0.000000000000000E+00         0.000000000000000E+00         4.714367478430600E+01         2.100000000000000E+01         4.428000000000000E-05     C2H5CN;v=0;
    8.956810400000001E+04         8.955101452555833E+04         0.000000000000000E+00         0.000000000000000E+00         4.714367478430600E+01         2.100000000000000E+01         4.428000000000000E-05     C2H5CN;v=0;
    9.041892600000001E+04         9.040167418985874E+04         0.000000000000000E+00         0.000000000000000E+00         4.944453114880200E+01         3.100000000000000E+01         1.892040000000000E-06     C2H5CN;v=0;
    1.082271013000000E+05         1.082064517138308E+05         0.000000000000000E+00         0.000000000000000E+00         5.002367595683400E+01         2.900000000000000E+01         6.139420000000000E-06     C2H5CN;v=0;
    9.134246430000001E+04         9.132503627998638E+04         0.000000000000000E+00         0.000000000000000E+00         5.079249655967400E+01         2.900000000000000E+01         3.107360000000000E-08     C2H5CN;v=0;
    1.054594830000000E+05         1.054393614717006E+05         0.000000000000000E+00         0.000000000000000E+00         5.079249655967400E+01         3.100000000000000E+01         4.345400000000000E-07     C2H5CN;v=0;
    9.925344600000000E+04         9.923450857525931E+04         0.000000000000000E+00         0.000000000000000E+00         5.109033756913300E+01         3.100000000000000E+01         3.240460000000000E-06     C2H5CN;v=0;
    1.008706485000000E+05         1.008514025151854E+05         3.119151862621529E-01         1.005123127924677E+01         5.133010122913800E+01         2.300000000000000E+01         9.197340000000000E-07     C2H5CN;v=0;
    1.008632511000000E+05         1.008440065265994E+05         3.113128012803445E-01         1.006173785324121E+01         5.133045516631200E+01         2.300000000000000E+01         9.194550000000000E-07     C2H5CN;v=0;
    9.853398699999999E+04         9.851518684707420E+04         0.000000000000000E+00         0.000000000000000E+00         5.144224176253601E+01         2.300000000000000E+01         6.262750000000000E-05     C2H5CN;v=0;
    9.853398699999999E+04         9.851518684707420E+04         0.000000000000000E+00         0.000000000000000E+00         5.144224320130500E+01         2.300000000000000E+01         6.262750000000000E-05     C2H5CN;v=0;
    1.022902980000000E+05         1.022707811479596E+05         0.000000000000000E+00         0.000000000000000E+00         5.585372620942400E+01         3.300000000000000E+01         2.911680000000000E-06     C2H5CN;v=0;
    1.075024320000000E+05         1.074819206797639E+05         0.000000000000000E+00         0.000000000000000E+00         5.617110138559600E+01         2.500000000000000E+01         8.502390000000000E-05     C2H5CN;v=0;
    1.075024320000000E+05         1.074819206797639E+05         0.000000000000000E+00         0.000000000000000E+00         5.617110282436500E+01         2.500000000000000E+01         8.502390000000000E-05     C2H5CN;v=0;
    1.063750330000000E+05         1.063547367859852E+05         0.000000000000000E+00         0.000000000000000E+00         5.659008098977900E+01         3.100000000000000E+01         5.985610000000000E-06     C2H5CN;v=0;
    9.184557260000000E+04         9.182804858759567E+04         0.000000000000000E+00         0.000000000000000E+00         5.692251144476700E+01         2.500000000000000E+01         7.565300000000000E-07     C2H5CN;v=0;
    9.183161390000000E+04         9.181409255089695E+04         0.000000000000000E+00         0.000000000000000E+00         5.692317615604500E+01         2.500000000000000E+01         7.560680000000000E-07     C2H5CN;v=0;
    1.084697800000000E+05         1.084490841110594E+05         0.000000000000000E+00         0.000000000000000E+00         5.747953230188600E+01         3.300000000000000E+01         4.940660000000000E-07     C2H5CN;v=0;
    1.032486710000000E+05         1.032289712916731E+05         0.000000000000000E+00         0.000000000000000E+00         5.773010399461900E+01         3.300000000000000E+01         3.532180000000000E-06     C2H5CN;v=0;
    8.956230100000001E+04         8.954521263276297E+04         0.000000000000000E+00         0.000000000000000E+00         5.936807919528299E+01         2.100000000000000E+01         3.777250000000000E-05     C2H5CN;v=0;
    8.956230100000001E+04         8.954521263276297E+04         0.000000000000000E+00         0.000000000000000E+00         5.936807919528299E+01         2.100000000000000E+01         3.777250000000000E-05     C2H5CN;v=0;
    1.043596901000000E+05         1.043397784107149E+05         0.000000000000000E+00         0.000000000000000E+00         6.360270008530800E+01         3.300000000000000E+01         5.816090000000000E-06     C2H5CN;v=0;
    9.852387200000000E+04         9.850507377700268E+04         0.000000000000000E+00         0.000000000000000E+00         6.366636992986500E+01         2.300000000000000E+01         5.543900000000000E-05     C2H5CN;v=0;
    9.852387200000000E+04         9.850507377700268E+04         0.000000000000000E+00         0.000000000000000E+00         6.366636992986500E+01         2.300000000000000E+01         5.543900000000000E-05     C2H5CN;v=0;
    1.074814410000000E+05         1.074609336848187E+05         0.000000000000000E+00         0.000000000000000E+00         6.477988937095600E+01         3.500000000000000E+01         3.854690000000000E-06     C2H5CN;v=0;
    1.074869490000000E+05         1.074664406338996E+05         0.000000000000000E+00         0.000000000000000E+00         6.839474324900300E+01         2.500000000000000E+01         7.713879999999999E-05     C2H5CN;v=0;
    1.074869490000000E+05         1.074664406338996E+05         0.000000000000000E+00         0.000000000000000E+00         6.839474324900300E+01         2.500000000000000E+01         7.713879999999999E-05     C2H5CN;v=0;
    1.022274280000000E+05         1.022079231434716E+05         0.000000000000000E+00         0.000000000000000E+00         7.106089874629200E+01         3.500000000000000E+01         5.638120000000000E-06     C2H5CN;v=0;
    1.090052647000000E+05         1.089844666412949E+05         0.000000000000000E+00         0.000000000000000E+00         7.106089874629200E+01         3.300000000000000E+01         1.775020000000000E-08     C2H5CN;v=0;
    8.956502099999999E+04         8.954793211379059E+04         0.000000000000000E+00         0.000000000000000E+00         7.380787996969400E+01         2.100000000000000E+01         3.010870000000000E-05     C2H5CN;v=0;
    8.956502099999999E+04         8.954793211379059E+04         0.000000000000000E+00         0.000000000000000E+00         7.380787996969400E+01         2.100000000000000E+01         3.010870000000000E-05     C2H5CN;v=0;
    9.852467200000001E+04         9.850587362436375E+04         0.000000000000000E+00         0.000000000000000E+00         7.810629875471700E+01         2.300000000000000E+01         4.695940000000000E-05     C2H5CN;v=0;
    9.852467200000001E+04         9.850587362436375E+04         0.000000000000000E+00         0.000000000000000E+00         7.810629875471700E+01         2.300000000000000E+01         4.695940000000000E-05     C2H5CN;v=0;
    9.689015500000000E+04         9.687166848802111E+04         0.000000000000000E+00         0.000000000000000E+00         7.896367415073800E+01         3.500000000000000E+01         1.475030000000000E-08     C2H5CN;v=0;
    1.000344250000000E+05         1.000153385655107E+05         2.540885099864574E+00         8.095071223762179E+01         7.896367415073800E+01         3.700000000000000E+01         5.460680000000000E-06     C2H5CN;v=0;
    1.074851600000000E+05         1.074646519752384E+05         0.000000000000000E+00         0.000000000000000E+00         8.283471092061799E+01         2.500000000000000E+01         6.785300000000000E-05     C2H5CN;v=0;
    1.074851600000000E+05         1.074646519752384E+05         0.000000000000000E+00         0.000000000000000E+00         8.283471092061799E+01         2.500000000000000E+01         6.785300000000000E-05     C2H5CN;v=0;
    1.111881637000000E+05         1.111669491470854E+05         0.000000000000000E+00         0.000000000000000E+00         8.627448387659300E+01         3.100000000000000E+01         1.343280000000000E-06     C2H5CN;v=0;
    1.111867007000000E+05         1.111654864262238E+05         0.000000000000000E+00         0.000000000000000E+00         8.627455293750501E+01         3.100000000000000E+01         1.343260000000000E-06     C2H5CN;v=0;
    9.784469899999999E+04         9.782603036230264E+04         0.000000000000000E+00         0.000000000000000E+00         8.730970982501100E+01         3.900000000000000E+01         5.287830000000000E-06     C2H5CN;v=0;
    9.628810000000001E+04         9.626972835930984E+04         0.000000000000000E+00         0.000000000000000E+00         8.826707966653200E+01         4.100000000000000E+01         2.799140000000000E-06     C2H5CN;v=0;
    9.384776100000000E+04         9.382985497272696E+04         0.000000000000000E+00         0.000000000000000E+00         8.838419977943900E+01         4.100000000000000E+01         4.278210000000000E-07     C2H5CN;v=0;
    8.957311300000000E+04         8.955602256984782E+04         0.000000000000000E+00         0.000000000000000E+00         9.045871044362400E+01         2.100000000000000E+01         2.125860000000000E-05     C2H5CN;v=0;
    8.957311300000000E+04         8.955602256984782E+04         0.000000000000000E+00         0.000000000000000E+00         9.045871044362400E+01         2.100000000000000E+01         2.125860000000000E-05     C2H5CN;v=0;
    9.016961700000000E+04         9.015241275768247E+04         0.000000000000000E+00         0.000000000000000E+00         9.176999587761000E+01         4.100000000000000E+01         1.268450000000000E-06     C2H5CN;v=0;
    1.021540864000000E+05         1.021345955369507E+05         0.000000000000000E+00         0.000000000000000E+00         9.358807042661799E+01         3.300000000000000E+01         1.103280000000000E-06     C2H5CN;v=0;
    1.021514088000000E+05         1.021319184478332E+05         0.000000000000000E+00         0.000000000000000E+00         9.358819847705900E+01         3.300000000000000E+01         1.103250000000000E-06     C2H5CN;v=0;
    1.110105157000000E+05         1.109893350420862E+05         0.000000000000000E+00         0.000000000000000E+00         9.421605137081701E+01         3.900000000000000E+01         2.128910000000000E-08     C2H5CN;v=0;
    9.853208400000000E+04         9.851328421016407E+04         0.000000000000000E+00         0.000000000000000E+00         9.475751625750799E+01         2.300000000000000E+01         3.718430000000000E-05     C2H5CN;v=0;
    9.853208400000000E+04         9.851328421016407E+04         0.000000000000000E+00         0.000000000000000E+00         9.475751625750799E+01         2.300000000000000E+01         3.718430000000000E-05     C2H5CN;v=0;
    9.572752000000000E+04         9.570925531722403E+04         0.000000000000000E+00         0.000000000000000E+00         9.609743031705601E+01         4.100000000000000E+01         5.126320000000000E-06     C2H5CN;v=0;
    1.038672671000000E+05         1.038474493643646E+05         0.000000000000000E+00         0.000000000000000E+00         9.697360035252400E+01         4.300000000000000E+01         3.309120000000000E-06     C2H5CN;v=0;
    1.018770840000000E+05         1.018576459886382E+05         0.000000000000000E+00         0.000000000000000E+00         9.706911303258899E+01         4.300000000000000E+01         5.165120000000000E-07     C2H5CN;v=0;
    1.074915740000000E+05         1.074710647514558E+05         0.000000000000000E+00         0.000000000000000E+00         9.948628379935198E+01         2.500000000000000E+01         5.714790000000000E-05     C2H5CN;v=0;
    1.074915740000000E+05         1.074710647514558E+05         0.000000000000000E+00         0.000000000000000E+00         9.948628379935198E+01         2.500000000000000E+01         5.714790000000000E-05     C2H5CN;v=0;
    1.030545930000000E+05         1.030349303214959E+05         0.000000000000000E+00         0.000000000000000E+00         1.003792169324390E+02         4.300000000000000E+01         1.967000000000000E-06     C2H5CN;v=0;
    9.310414160000000E+04         9.308637745431386E+04         0.000000000000000E+00         0.000000000000000E+00         1.013330387696060E+02         3.500000000000000E+01         8.770850000000000E-07     C2H5CN;v=0;
    9.309941370000000E+04         9.308165045639085E+04         0.000000000000000E+00         0.000000000000000E+00         1.013332632175700E+02         3.500000000000000E+01         8.770410000000000E-07     C2H5CN;v=0;
    1.044991455000000E+05         1.044792072028111E+05         0.000000000000000E+00         0.000000000000000E+00         1.031451841515650E+02         4.100000000000000E+01         1.928800000000000E-08     C2H5CN;v=0;
    9.375500000000000E+04         9.373711167140170E+04         0.000000000000000E+00         0.000000000000000E+00         1.053250299717780E+02         4.300000000000000E+01         4.983890000000000E-06     C2H5CN;v=0;
    1.099586370000000E+05         1.099376570391352E+05         0.000000000000000E+00         0.000000000000000E+00         1.061617820529530E+02         4.500000000000000E+01         6.166400000000000E-07     C2H5CN;v=0;
    8.958498699999999E+04         8.956789430430450E+04         0.000000000000000E+00         0.000000000000000E+00         1.093157737612270E+02         2.100000000000000E+01         1.122250000000000E-05     C2H5CN;v=0;
    8.958498699999999E+04         8.956789430430450E+04         0.000000000000000E+00         0.000000000000000E+00         1.093157737612270E+02         2.100000000000000E+01         1.122250000000000E-05     C2H5CN;v=0;
    9.832400370000000E+04         9.830524361160699E+04         0.000000000000000E+00         0.000000000000000E+00         1.124909527817950E+02         4.300000000000000E+01         1.727290000000000E-08     C2H5CN;v=0;
    9.854416400000000E+04         9.852536190531623E+04         0.000000000000000E+00         0.000000000000000E+00         1.136151478888660E+02         2.300000000000000E+01         2.610430000000000E-05     C2H5CN;v=0;
    9.854416400000000E+04         9.852536190531623E+04         0.000000000000000E+00         0.000000000000000E+00         1.136151478888660E+02         2.300000000000000E+01         2.610430000000000E-05     C2H5CN;v=0;
    9.199946000000001E+04         9.198190662608558E+04         0.000000000000000E+00         0.000000000000000E+00         1.149905132165740E+02         4.500000000000000E+01         4.866820000000000E-06     C2H5CN;v=0;
    1.075036860000000E+05         1.074831744405024E+05         0.000000000000000E+00         0.000000000000000E+00         1.183444952546170E+02         2.500000000000000E+01         4.501410000000000E-05     C2H5CN;v=0;
    1.075036860000000E+05         1.074831744405024E+05         0.000000000000000E+00         0.000000000000000E+00         1.183444952546170E+02         2.500000000000000E+01         4.501410000000000E-05     C2H5CN;v=0;
    9.250704670000001E+04         9.248939647922214E+04         0.000000000000000E+00         0.000000000000000E+00         1.222523947250460E+02         4.500000000000000E+01         1.530960000000000E-08     C2H5CN;v=0;
    9.053096600000000E+04         9.051369281277660E+04         0.000000000000000E+00         0.000000000000000E+00         1.250917017551780E+02         4.700000000000000E+01         4.779080000000000E-06     C2H5CN;v=0;
    1.038839648000000E+05         1.038641438784658E+05         0.000000000000000E+00         0.000000000000000E+00         1.316215764432130E+02         4.700000000000000E+01         6.053560000000000E-08     C2H5CN;v=0;
    9.855992700000000E+04         9.854112189775689E+04         0.000000000000000E+00         0.000000000000000E+00         1.346738299179590E+02         2.300000000000000E+01         1.371090000000000E-05     C2H5CN;v=0;
    9.855992700000000E+04         9.854112189775689E+04         0.000000000000000E+00         0.000000000000000E+00         1.346738299179590E+02         2.300000000000000E+01         1.371090000000000E-05     C2H5CN;v=0;
    1.075198610000000E+05         1.074993463543340E+05         0.000000000000000E+00         0.000000000000000E+00         1.394039311986660E+02         2.500000000000000E+01         3.145580000000000E-05     C2H5CN;v=0;
    1.075198610000000E+05         1.074993463543340E+05         0.000000000000000E+00         0.000000000000000E+00         1.394039311986660E+02         2.500000000000000E+01         3.145580000000000E-05     C2H5CN;v=0;
    9.658598490000000E+04         9.656755642326934E+04         0.000000000000000E+00         0.000000000000000E+00         1.423199030349630E+02         4.900000000000000E+01         5.601600000000000E-08     C2H5CN;v=0;
    1.033854199000000E+05         1.033656941001659E+05         0.000000000000000E+00         0.000000000000000E+00         1.488179406425660E+02         4.300000000000000E+01         1.228930000000000E-06     C2H5CN;v=0;
    1.033845728000000E+05         1.033648471617914E+05         0.000000000000000E+00         0.000000000000000E+00         1.488179809280980E+02         4.300000000000000E+01         1.228920000000000E-06     C2H5CN;v=0;
    8.991424700000000E+04         8.989709148193691E+04         0.000000000000000E+00         0.000000000000000E+00         1.534209928654970E+02         5.100000000000000E+01         5.100250000000000E-08     C2H5CN;v=0;
    9.510414999999999E+04         9.508600425538623E+04         0.000000000000000E+00         0.000000000000000E+00         1.534209928654970E+02         5.300000000000000E+01         4.553400000000000E-06     C2H5CN;v=0;
    9.366831400000000E+04         9.365044221097454E+04         0.000000000000000E+00         0.000000000000000E+00         1.577361718706010E+02         5.300000000000000E+01         1.240300000000000E-06     C2H5CN;v=0;
    9.432209800000000E+04         9.430410146986181E+04         0.000000000000000E+00         0.000000000000000E+00         1.587148714625470E+02         4.500000000000000E+01         9.648280000000000E-07     C2H5CN;v=0;
    9.432065720000000E+04         9.430266094476453E+04         0.000000000000000E+00         0.000000000000000E+00         1.587149405234590E+02         4.500000000000000E+01         9.645910000000000E-07     C2H5CN;v=0;
    1.075398460000000E+05         1.075193275412228E+05         0.000000000000000E+00         0.000000000000000E+00         1.626586610256810E+02         2.500000000000000E+01         1.644920000000000E-05     C2H5CN;v=0;
    1.075398460000000E+05         1.075193275412228E+05         0.000000000000000E+00         0.000000000000000E+00         1.626586610256810E+02         2.500000000000000E+01         1.644920000000000E-05     C2H5CN;v=0;
    1.016899990000000E+05         1.016705966842059E+05         0.000000000000000E+00         0.000000000000000E+00         1.649238891534300E+02         5.500000000000000E+01         5.288200000000000E-06     C2H5CN;v=0;
    9.100834000000000E+04         9.099097573045590E+04         0.000000000000000E+00         0.000000000000000E+00         1.654365268644370E+02         5.500000000000000E+01         5.487610000000000E-07     C2H5CN;v=0;
    1.065629160000000E+05         1.065425839381601E+05         0.000000000000000E+00         0.000000000000000E+00         1.689497374677100E+02         5.500000000000000E+01         1.853670000000000E-06     C2H5CN;v=0;
    9.983831440000000E+04         9.981926538315089E+04         7.934018907277171E-03         2.555454512595310E-01         1.740639224492740E+02         5.300000000000000E+01         2.032270000000000E-08     C2H5CN;v=0;
    1.087186600000000E+05         1.086979166250883E+05         0.000000000000000E+00         0.000000000000000E+00         1.768279904933200E+02         5.700000000000000E+01         6.140410000000000E-06     C2H5CN;v=0;
    9.965761800000000E+04         9.963860345978232E+04         2.790129252761308E-01         9.048663016228105E+00         1.772628483521870E+02         5.700000000000000E+01         6.793910000000000E-07     C2H5CN;v=0;
    8.959368500000000E+04         8.957659064473773E+04         0.000000000000000E+00         0.000000000000000E+00         1.820456344761360E+02         5.700000000000000E+01         5.019510000000000E-06     C2H5CN;v=0;
    1.084920390000000E+05         1.084713388640720E+05         0.000000000000000E+00         0.000000000000000E+00         1.894997168190110E+02         5.900000000000000E+01         8.316680000000000E-07     C2H5CN;v=0;
    9.101822000000000E+04         9.100085384536513E+04         0.000000000000000E+00         0.000000000000000E+00         1.947064865857250E+02         5.900000000000000E+01         5.253060000000000E-06     C2H5CN;v=0;
    9.230298100000000E+04         9.228536971468474E+04         0.000000000000000E+00         0.000000000000000E+00         2.055072851831930E+02         6.100000000000000E+01         9.225750000000000E-07     C2H5CN;v=0;
    9.305980700000000E+04         9.304205131329624E+04         0.000000000000000E+00         0.000000000000000E+00         2.077837083725310E+02         6.100000000000000E+01         5.568910000000000E-06     C2H5CN;v=0;
    1.066918682000000E+05         1.066715115342528E+05         0.000000000000000E+00         0.000000000000000E+00         2.099371053022170E+02         5.900000000000000E+01         2.641840000000000E-08     C2H5CN;v=0;
    1.045890046000000E+05         1.045690491578150E+05         0.000000000000000E+00         0.000000000000000E+00         2.170144589313630E+02         5.300000000000000E+01         1.328030000000000E-06     C2H5CN;v=0;
    1.045888440000000E+05         1.045688885884573E+05         0.000000000000000E+00         0.000000000000000E+00         2.170144704415150E+02         5.300000000000000E+01         1.328030000000000E-06     C2H5CN;v=0;
    9.754577800000001E+04         9.752716639602964E+04         0.000000000000000E+00         0.000000000000000E+00         2.185374750501580E+02         6.300000000000000E+01         1.037360000000000E-06     C2H5CN;v=0;
    9.573938000000000E+04         9.572111305435190E+04         0.000000000000000E+00         0.000000000000000E+00         2.212742554013500E+02         6.300000000000000E+01         5.977360000000000E-06     C2H5CN;v=0;
    9.951509420000001E+04         9.949610685313273E+04         7.697319418256976E-03         2.457886313130923E-01         2.232189099694400E+02         6.100000000000000E+01         2.267070000000000E-08     C2H5CN;v=0;
    9.552143200000000E+04         9.550320663853877E+04         0.000000000000000E+00         0.000000000000000E+00         2.290623062432740E+02         5.500000000000000E+01         1.037200000000000E-06     C2H5CN;v=0;
    9.552143200000000E+04         9.550320663853877E+04         0.000000000000000E+00         0.000000000000000E+00         2.290623263860400E+02         5.500000000000000E+01         1.037200000000000E-06     C2H5CN;v=0;
    1.021554930000000E+05         1.021360018685733E+05         0.000000000000000E+00         0.000000000000000E+00         2.320167248647890E+02         6.500000000000000E+01         1.126370000000000E-06     C2H5CN;v=0;
    9.907060000000001E+04         9.905169746203156E+04         0.000000000000000E+00         0.000000000000000E+00         2.351751781957320E+02         6.500000000000000E+01         6.492760000000000E-06     C2H5CN;v=0;
    9.265344510000000E+04         9.263576694660322E+04         0.000000000000000E+00         0.000000000000000E+00         2.369193892218180E+02         6.300000000000000E+01         1.923630000000000E-08     C2H5CN;v=0;
    9.544274950000001E+04         9.542453915105455E+04         0.000000000000000E+00         0.000000000000000E+00         2.413660285504520E+02         6.500000000000000E+01         1.265800000000000E-06     C2H5CN;v=0;
    1.060778520000000E+05         1.060576124877225E+05         0.000000000000000E+00         0.000000000000000E+00         2.459465323856150E+02         6.700000000000000E+01         1.183000000000000E-06     C2H5CN;v=0;
    1.030593510000000E+05         1.030396874136759E+05         0.000000000000000E+00         0.000000000000000E+00         2.494837042478140E+02         6.700000000000000E+01         7.124620000000000E-06     C2H5CN;v=0;
    1.074577270000000E+05         1.074372242094181E+05         0.000000000000000E+00         0.000000000000000E+00         2.551710559522150E+02         6.700000000000000E+01         1.813830000000000E-06     C2H5CN;v=0;
    8.953945200000000E+04         8.952236799232160E+04         0.000000000000000E+00         0.000000000000000E+00         2.552324395928310E+02         6.700000000000000E+01         1.004480000000000E-06     C2H5CN;v=0;
    1.092633230000000E+05         1.092424757041164E+05         0.000000000000000E+00         0.000000000000000E+00         2.603281853108910E+02         6.900000000000000E+01         1.203340000000000E-06     C2H5CN;v=0;
    1.077021740000000E+05         1.076816245692575E+05         0.000000000000000E+00         0.000000000000000E+00         2.641973099567700E+02         6.900000000000000E+01         7.891960000000001E-06     C2H5CN;v=0;
    1.086143295000000E+05         1.085936060312081E+05         0.000000000000000E+00         0.000000000000000E+00         2.641973099567700E+02         6.700000000000000E+01         8.125560000000000E-08     C2H5CN;v=0;
    9.787509900000000E+04         9.785642456202331E+04         0.000000000000000E+00         0.000000000000000E+00         2.694920043358430E+02         6.900000000000000E+01         1.299440000000000E-06     C2H5CN;v=0;
    9.135029900000000E+04         9.133286948513609E+04         0.000000000000000E+00         0.000000000000000E+00         2.761378078360530E+02         7.100000000000000E+01         2.832560000000000E-08     C2H5CN;v=0;
    9.128404780000000E+04         9.126663092577644E+04         0.000000000000000E+00         0.000000000000000E+00         2.761409875155430E+02         7.100000000000000E+01         5.556060000000000E-09     C2H5CN;v=0;
    9.936737480000001E+04         9.934841563779667E+04         0.000000000000000E+00         0.000000000000000E+00         2.793138011998750E+02         6.900000000000000E+01         7.085950000000000E-08     C2H5CN;v=0;
    1.059599450000000E+05         1.059397279842204E+05         0.000000000000000E+00         0.000000000000000E+00         2.841911964569570E+02         7.100000000000000E+01         1.627700000000000E-06     C2H5CN;v=0;
    9.128146799999999E+04         9.126405161799882E+04         0.000000000000000E+00         0.000000000000000E+00         2.904505595526880E+02         7.300000000000000E+01         7.963510000000000E-08     C2H5CN;v=0;
    9.509298070000000E+04         9.507483708647374E+04         0.000000000000000E+00         0.000000000000000E+00         2.913224895359130E+02         7.300000000000000E+01         3.029460000000000E-08     C2H5CN;v=0;
    9.504088280000001E+04         9.502274912668338E+04         0.000000000000000E+00         0.000000000000000E+00         2.913249901164350E+02         7.300000000000000E+01         5.931010000000000E-09     C2H5CN;v=0;
    9.080077060000000E+04         9.078344593441980E+04         0.000000000000000E+00         0.000000000000000E+00         2.948313536180370E+02         7.100000000000000E+01         6.071570000000000E-08     C2H5CN;v=0;
    9.690547000000000E+04         9.688698056593959E+04         0.000000000000000E+00         0.000000000000000E+00         2.958862072531530E+02         7.300000000000000E+01         7.165290000000000E-07     C2H5CN;v=0;
    1.057839640000000E+05         1.057637805611598E+05         0.000000000000000E+00         0.000000000000000E+00         2.981705638147570E+02         6.300000000000000E+01         1.413520000000000E-06     C2H5CN;v=0;
    1.057839640000000E+05         1.057637805611598E+05         0.000000000000000E+00         0.000000000000000E+00         2.981705666922950E+02         6.300000000000000E+01         1.413520000000000E-06     C2H5CN;v=0;
    9.494262100000000E+04         9.492450607490339E+04         0.000000000000000E+00         0.000000000000000E+00         3.061920419780100E+02         7.500000000000000E+01         8.785350000000000E-08     C2H5CN;v=0;
    1.042533156000000E+05         1.042334242068272E+05         0.000000000000000E+00         0.000000000000000E+00         3.061920419780100E+02         7.100000000000000E+01         2.596650000000000E-08     C2H5CN;v=0;
    9.901024270000000E+04         9.899135167812367E+04         0.000000000000000E+00         0.000000000000000E+00         3.069121458625100E+02         7.500000000000000E+01         3.243110000000000E-08     C2H5CN;v=0;
    9.896931520000000E+04         9.895043198703592E+04         0.000000000000000E+00         0.000000000000000E+00         3.069141112209640E+02         7.500000000000000E+01         6.338450000000000E-09     C2H5CN;v=0;
    1.062934880000000E+05         1.062732073446621E+05         0.000000000000000E+00         0.000000000000000E+00         3.116638632086730E+02         7.500000000000000E+01         8.949910000000000E-07     C2H5CN;v=0;
    9.672046500000000E+04         9.670201086464613E+04         0.000000000000000E+00         0.000000000000000E+00         3.123678845332910E+02         6.500000000000000E+01         1.101960000000000E-06     C2H5CN;v=0;
    9.672046500000000E+04         9.670201086464613E+04         0.000000000000000E+00         0.000000000000000E+00         3.123678902883670E+02         6.500000000000000E+01         1.101960000000000E-06     C2H5CN;v=0;
    9.027390020000000E+04         9.025667606058740E+04         0.000000000000000E+00         0.000000000000000E+00         3.223868013829370E+02         7.300000000000000E+01         1.824650000000000E-08     C2H5CN;v=0;
    9.746501860000000E+04         9.744642240481512E+04         0.000000000000000E+00         0.000000000000000E+00         3.223868013829370E+02         7.700000000000000E+01         9.167440000000000E-08     C2H5CN;v=0;
    1.030831154000000E+05         1.030634472794602E+05         0.000000000000000E+00         0.000000000000000E+00         3.229067221426220E+02         7.700000000000000E+01         3.473230000000000E-08     C2H5CN;v=0;
    1.030509928000000E+05         1.030313308084093E+05         0.000000000000000E+00         0.000000000000000E+00         3.229082645029900E+02         7.700000000000000E+01         6.774850000000000E-09     C2H5CN;v=0;
    9.885129820000000E+04         9.883243750452167E+04         0.000000000000000E+00         0.000000000000000E+00         3.390340507608260E+02         7.900000000000000E+01         9.088500000000000E-08     C2H5CN;v=0;
    9.318153520000000E+04         9.316375628771850E+04         0.000000000000000E+00         0.000000000000000E+00         3.393061550704130E+02         7.900000000000000E+01         4.844370000000000E-09     C2H5CN;v=0;
    1.072937082000000E+05         1.072732367039858E+05         0.000000000000000E+00         0.000000000000000E+00         3.393061550704130E+02         7.900000000000000E+01         3.718520000000000E-08     C2H5CN;v=0;
    9.315634460000000E+04         9.313857049405128E+04         0.000000000000000E+00         0.000000000000000E+00         3.393073636363730E+02         7.900000000000000E+01         2.487250000000000E-08     C2H5CN;v=0;
    1.072685177000000E+05         1.072480510102995E+05         0.000000000000000E+00         0.000000000000000E+00         3.393073636363730E+02         7.900000000000000E+01         7.240510000000000E-09     C2H5CN;v=0;
    9.896595200000000E+04         9.894706942872998E+04         0.000000000000000E+00         0.000000000000000E+00         3.426599745275590E+02         7.700000000000000E+01         1.404060000000000E-06     C2H5CN;v=0;
    9.231703000000000E+04         9.229941603415433E+04         0.000000000000000E+00         0.000000000000000E+00         3.426780713640410E+02         7.700000000000000E+01         1.129730000000000E-06     C2H5CN;v=0;
    1.076543060000000E+05         1.076337657024079E+05         0.000000000000000E+00         0.000000000000000E+00         3.538812346612800E+02         7.700000000000000E+01         3.097950000000000E-08     C2H5CN;v=0;
    9.958259740000000E+04         9.956359717361245E+04         1.145140408227387E-03         3.731899746586601E-02         3.561103770237400E+02         8.100000000000000E+01         5.579310000000000E-09     C2H5CN;v=0;
    9.956285840000000E+04         9.954386193978725E+04         5.956303812383489E-03         1.910064056995932E-01         3.561113237337420E+02         8.100000000000000E+01         2.870080000000000E-08     C2H5CN;v=0;
    9.912071040000000E+04         9.910179830103426E+04         0.000000000000000E+00         0.000000000000000E+00         3.561325441377230E+02         8.100000000000000E+01         8.595620000000000E-08     C2H5CN;v=0;
    1.111634260000000E+05         1.111422161670055E+05         0.000000000000000E+00         0.000000000000000E+00         3.561325441377230E+02         8.100000000000000E+01         7.164600000000000E-07     C2H5CN;v=0;
    1.099979187000000E+05         1.099769312442394E+05         0.000000000000000E+00         0.000000000000000E+00         3.590477994670580E+02         7.900000000000000E+01         1.931310000000000E-06     C2H5CN;v=0;
    1.015801500000000E+05         1.015607686432482E+05         0.000000000000000E+00         0.000000000000000E+00         3.590723520600430E+02         7.900000000000000E+01         1.503560000000000E-06     C2H5CN;v=0;
    9.957049450000000E+04         9.955149658282958E+04         4.763642488345248E-03         1.539644701623156E-01         3.710910125040199E+02         7.900000000000000E+01         2.568450000000000E-08     C2H5CN;v=0;
    1.058350453000000E+05         1.058148521149161E+05         0.000000000000000E+00         0.000000000000000E+00         3.733193175029220E+02         8.300000000000000E+01         6.333760000000000E-09     C2H5CN;v=0;
    1.058195893000000E+05         1.057993990639002E+05         0.000000000000000E+00         0.000000000000000E+00         3.733200584689570E+02         8.300000000000000E+01         3.264360000000000E-08     C2H5CN;v=0;
    9.830679100000000E+04         9.828803419576712E+04         0.000000000000000E+00         0.000000000000000E+00         3.736806125415879E+02         8.300000000000000E+01         7.783550000000000E-08     C2H5CN;v=0;
    1.085340920000000E+05         1.085133838404158E+05         0.000000000000000E+00         0.000000000000000E+00         3.736806125415879E+02         8.300000000000000E+01         5.971930000000000E-07     C2H5CN;v=0;
    1.107624501000000E+05         1.107413167726709E+05         0.000000000000000E+00         0.000000000000000E+00         3.759026229261150E+02         8.100000000000000E+01         1.944590000000000E-06     C2H5CN;v=0;
    9.175628740000000E+04         9.173878042309239E+04         0.000000000000000E+00         0.000000000000000E+00         3.887219295432120E+02         8.100000000000000E+01         2.098790000000000E-08     C2H5CN;v=0;
    9.645527300000000E+04         9.643686946292504E+04         0.000000000000000E+00         0.000000000000000E+00         3.916762157979790E+02         8.500000000000000E+01         6.763410000000000E-08     C2H5CN;v=0;
    1.051022280000000E+05         1.050821746354767E+05         0.000000000000000E+00         0.000000000000000E+00         3.916762157979790E+02         8.500000000000000E+01         4.850110000000000E-07     C2H5CN;v=0;
    1.069861920000000E+05         1.069657791776654E+05         0.000000000000000E+00         0.000000000000000E+00         3.922775507402980E+02         7.300000000000000E+01         1.492100000000000E-06     C2H5CN;v=0;
    1.069861920000000E+05         1.069657791776654E+05         0.000000000000000E+00         0.000000000000000E+00         3.922775521790670E+02         7.300000000000000E+01         1.492100000000000E-06     C2H5CN;v=0;
    9.785803800000000E+04         9.783936681723929E+04         0.000000000000000E+00         0.000000000000000E+00         3.995077448003140E+02         8.500000000000000E+01         8.624260000000000E-08     C2H5CN;v=0;
    9.793350300000000E+04         9.791481741861823E+04         0.000000000000000E+00         0.000000000000000E+00         4.086225320165150E+02         7.500000000000000E+01         1.163080000000000E-06     C2H5CN;v=0;
    9.793350300000000E+04         9.791481741861823E+04         0.000000000000000E+00         0.000000000000000E+00         4.086225334552840E+02         7.500000000000000E+01         1.163080000000000E-06     C2H5CN;v=0;
    9.362124600000000E+04         9.360338319148599E+04         0.000000000000000E+00         0.000000000000000E+00         4.101169885706600E+02         8.700000000000000E+01         5.653410000000000E-08     C2H5CN;v=0;
    1.009023180000000E+05         1.008830659726872E+05         6.119312010000606E-02         1.952348619403151E+00         4.101169885706600E+02         8.700000000000000E+01         3.836980000000000E-07     C2H5CN;v=0;
    1.073914598000000E+05         1.073709696531112E+05         0.000000000000000E+00         0.000000000000000E+00         4.177745286765939E+02         8.700000000000000E+01         1.207450000000000E-07     C2H5CN;v=0;
    8.986803690000001E+04         8.985089019876218E+04         0.000000000000000E+00         0.000000000000000E+00         4.290002993511300E+02         8.900000000000000E+01         4.549630000000000E-08     C2H5CN;v=0;
    9.597580400000000E+04         9.595749194496892E+04         0.000000000000000E+00         0.000000000000000E+00         4.290002993511300E+02         8.900000000000000E+01         2.954910000000000E-07     C2H5CN;v=0;
    9.418102099999999E+04         9.416305138716471E+04         0.000000000000000E+00         0.000000000000000E+00         4.430769490748650E+02         8.700000000000000E+01         1.207620000000000E-06     C2H5CN;v=0;
    9.201564599999999E+04         9.199808953781842E+04         0.000000000000000E+00         0.000000000000000E+00         4.430819948377480E+02         8.700000000000000E+01         1.124250000000000E-06     C2H5CN;v=0;
    9.036972400000000E+04         9.035248157753453E+04         0.000000000000000E+00         0.000000000000000E+00         4.483232864278480E+02         9.100000000000000E+01         2.211220000000000E-07     C2H5CN;v=0;
    1.021254945000000E+05         1.021060090922470E+05         0.000000000000000E+00         0.000000000000000E+00         4.615891624834720E+02         8.900000000000000E+01         8.065020000000000E-08     C2H5CN;v=0;
    1.043921000000000E+05         1.043721821269493E+05         0.000000000000000E+00         0.000000000000000E+00         4.616078549703200E+02         8.900000000000000E+01         1.648710000000000E-06     C2H5CN;v=0;
    1.015918310000000E+05         1.015724474145290E+05         0.000000000000000E+00         0.000000000000000E+00         4.616147740104410E+02         8.900000000000000E+01         1.515820000000000E-06     C2H5CN;v=0;
    9.688264999999999E+04         9.686416491996506E+04         0.000000000000000E+00         0.000000000000000E+00         4.634332960166080E+02         9.100000000000000E+01         7.577990000000000E-07     C2H5CN;v=0;
    1.101342255000000E+05         1.101132120370843E+05         0.000000000000000E+00         0.000000000000000E+00         4.752958644117750E+02         8.900000000000000E+01         3.265220000000000E-08     C2H5CN;v=0;
    1.111686950000000E+05         1.111474841616873E+05         0.000000000000000E+00         0.000000000000000E+00         4.805814441892330E+02         9.100000000000000E+01         1.988420000000000E-06     C2H5CN;v=0;
    9.160128389999999E+04         9.158380649755287E+04         0.000000000000000E+00         0.000000000000000E+00         4.815205272767640E+02         9.100000000000000E+01         6.520930000000000E-08     C2H5CN;v=0;
    1.067625590000000E+05         1.067421888465427E+05         0.000000000000000E+00         0.000000000000000E+00         4.831521762101350E+02         9.300000000000000E+01         9.597820000000000E-07     C2H5CN;v=0;
    9.591043500000000E+04         9.589213541728668E+04         0.000000000000000E+00         0.000000000000000E+00         4.953793574452820E+02         9.100000000000000E+01         2.290260000000000E-08     C2H5CN;v=0;
    1.082089220000000E+05         1.081882758824169E+05         0.000000000000000E+00         0.000000000000000E+00         4.993251569687089E+02         8.300000000000000E+01         1.567050000000000E-06     C2H5CN;v=0;
    1.082089268000000E+05         1.081882806815011E+05         0.000000000000000E+00         0.000000000000000E+00         4.993251569687089E+02         8.300000000000000E+01         1.567050000000000E-06     C2H5CN;v=0;
    9.917324700000000E+04         9.915432487712125E+04         0.000000000000000E+00         0.000000000000000E+00         5.178156406491090E+02         8.500000000000000E+01         1.223010000000000E-06     C2H5CN;v=0;
    9.917324700000000E+04         9.915432487712125E+04         0.000000000000000E+00         0.000000000000000E+00         5.178156406491090E+02         8.500000000000000E+01         1.223010000000000E-06     C2H5CN;v=0;
    1.085158422000000E+05         1.084951375224532E+05         0.000000000000000E+00         0.000000000000000E+00         5.348575141495490E+02         9.500000000000000E+01         3.410480000000000E-08     C2H5CN;v=0;
    9.012805200000000E+04         9.011085568822887E+04         0.000000000000000E+00         0.000000000000000E+00         5.367361047614660E+02         8.700000000000000E+01         9.297570000000000E-07     C2H5CN;v=0;
    9.012805200000000E+04         9.011085568822887E+04         0.000000000000000E+00         0.000000000000000E+00         5.367361047614660E+02         8.700000000000000E+01         9.297570000000000E-07     C2H5CN;v=0;
    8.992348590000000E+04         8.990632861916714E+04         0.000000000000000E+00         0.000000000000000E+00         5.404736208906080E+02         9.900000000000000E+01         4.583210000000000E-08     C2H5CN;v=0;
    8.982229540000000E+04         8.980515742617920E+04         0.000000000000000E+00         0.000000000000000E+00         5.404784767359830E+02         9.900000000000000E+01         8.795980000000000E-09     C2H5CN;v=0;
    8.956036940000000E+04         8.954328140130965E+04         0.000000000000000E+00         0.000000000000000E+00         5.471234932295500E+02         9.900000000000000E+01         4.967370000000000E-08     C2H5CN;v=0;
    9.962209040000000E+04         9.960308263840088E+04         2.082115249860426E-03         6.918896006656963E-02         5.559827593876580E+02         9.700000000000000E+01         2.747910000000000E-08     C2H5CN;v=0;
    9.116176500000000E+04         9.114437145717112E+04         0.000000000000000E+00         0.000000000000000E+00         5.564185495688370E+02         9.700000000000000E+01         1.092940000000000E-06     C2H5CN;v=0;
    9.051351200000000E+04         9.049624214297645E+04         0.000000000000000E+00         0.000000000000000E+00         5.564198991341590E+02         9.700000000000000E+01         1.069490000000000E-06     C2H5CN;v=0;
    9.411139980000000E+04         9.409344347079656E+04         0.000000000000000E+00         0.000000000000000E+00         5.616416320984730E+02         1.010000000000000E+02         5.040120000000000E-08     C2H5CN;v=0;
    9.403059320000000E+04         9.401265228858775E+04         0.000000000000000E+00         0.000000000000000E+00         5.616455110196970E+02         1.010000000000000E+02         9.650960000000000E-09     C2H5CN;v=0;
    1.031838478000000E+05         1.031641604598530E+05         0.000000000000000E+00         0.000000000000000E+00         5.683620559140990E+02         1.010000000000000E+02         8.249990000000000E-08     C2H5CN;v=0;
    1.009768140000000E+05         1.009575477589500E+05         9.823773398732322E-02         3.313544244813436E+00         5.770889035285230E+02         9.900000000000000E+01         1.489720000000000E-06     C2H5CN;v=0;
    1.001258440000000E+05         1.001067401228878E+05         1.015054784830701E-01         3.246460541093008E+00         5.770907667343780E+02         9.900000000000000E+01         1.451790000000000E-06     C2H5CN;v=0;
    9.094945269999999E+04         9.093209966607398E+04         0.000000000000000E+00         0.000000000000000E+00         5.775311638538950E+02         9.900000000000000E+01         2.172590000000000E-08     C2H5CN;v=0;
    9.843544460000000E+04         9.841666324883232E+04         0.000000000000000E+00         0.000000000000000E+00         5.832131331234669E+02         1.030000000000000E+02         5.534920000000000E-08     C2H5CN;v=0;
    9.837097450000000E+04         9.835220544964117E+04         0.000000000000000E+00         0.000000000000000E+00         5.832162279155860E+02         1.030000000000000E+02         1.057130000000000E-08     C2H5CN;v=0;
    1.108768530000000E+05         1.108556978447506E+05         0.000000000000000E+00         0.000000000000000E+00         5.981914924711890E+02         1.010000000000000E+02         1.977560000000000E-06     C2H5CN;v=0;
    1.097673838000000E+05         1.097464403299900E+05         0.000000000000000E+00         0.000000000000000E+00         5.981940491637021E+02         1.010000000000000E+02         1.917470000000000E-06     C2H5CN;v=0;
    1.028784234000000E+05         1.028587943344200E+05         0.000000000000000E+00         0.000000000000000E+00         6.051880491496020E+02         1.050000000000000E+02         6.065920000000000E-08     C2H5CN;v=0;
    1.028270308000000E+05         1.028074115400593E+05         0.000000000000000E+00         0.000000000000000E+00         6.051905151996680E+02         1.050000000000000E+02         1.155800000000000E-08     C2H5CN;v=0;
    1.094638497000000E+05         1.094429641438903E+05         0.000000000000000E+00         0.000000000000000E+00         6.193016119308010E+02         9.300000000000000E+01         1.641380000000000E-06     C2H5CN;v=0;
    1.094638509000000E+05         1.094429653436613E+05         0.000000000000000E+00         0.000000000000000E+00         6.193016119308010E+02         9.300000000000000E+01         1.641380000000000E-06     C2H5CN;v=0;
    9.497647970000000E+04         9.495835831470872E+04         0.000000000000000E+00         0.000000000000000E+00         6.275662967282759E+02         1.070000000000000E+02         8.816880000000000E-09     C2H5CN;v=0;
    1.074244347000000E+05         1.074039382615444E+05         0.000000000000000E+00         0.000000000000000E+00         6.275662967282759E+02         1.070000000000000E+02         6.633360000000000E-08     C2H5CN;v=0;
    9.493554429999999E+04         9.491743072512827E+04         0.000000000000000E+00         0.000000000000000E+00         6.275682606479610E+02         1.070000000000000E+02         4.630520000000000E-08     C2H5CN;v=0;
    1.073834993000000E+05         1.073630106719640E+05         0.000000000000000E+00         0.000000000000000E+00         6.275682606479610E+02         1.070000000000000E+02         1.260870000000000E-08     C2H5CN;v=0;
    1.004507840000000E+05         1.004316181247704E+05         1.190077062546515E-01         1.893713120672540E+00         6.399351147000900E+02         9.500000000000000E+01         1.283240000000000E-06     C2H5CN;v=0;
    1.004507840000000E+05         1.004316181247704E+05         1.190077062546515E-01         1.893713120672540E+00         6.399351147000900E+02         9.500000000000000E+01         1.283240000000000E-06     C2H5CN;v=0;
    1.014641355000000E+05         1.014447762786596E+05         0.000000000000000E+00         0.000000000000000E+00         6.503477895333490E+02         1.090000000000000E+02         1.027480000000000E-08     C2H5CN;v=0;
    1.014315536000000E+05         1.014122005952426E+05         0.000000000000000E+00         0.000000000000000E+00         6.503493534752520E+02         1.090000000000000E+02         5.414190000000000E-08     C2H5CN;v=0;
    9.142976400000000E+04         9.141231932332038E+04         0.000000000000000E+00         0.000000000000000E+00         6.609979432614409E+02         9.700000000000000E+01         9.785240000000001E-07     C2H5CN;v=0;
    9.142976400000000E+04         9.141231932332038E+04         0.000000000000000E+00         0.000000000000000E+00         6.609979432614409E+02         9.700000000000000E+01         9.785240000000001E-07     C2H5CN;v=0;
    9.184291499999999E+04         9.182539149466218E+04         0.000000000000000E+00         0.000000000000000E+00         6.679320933344790E+02         1.090000000000000E+02         6.833250000000000E-07     C2H5CN;v=0;
    1.077826192000000E+05         1.077620544204209E+05         0.000000000000000E+00         0.000000000000000E+00         6.735324354836049E+02         1.110000000000000E+02         1.178670000000000E-08     C2H5CN;v=0;
    1.077567040000000E+05         1.077361441650064E+05         0.000000000000000E+00         0.000000000000000E+00         6.735336785800210E+02         1.110000000000000E+02         6.228580000000000E-08     C2H5CN;v=0;
    1.066636358000000E+05         1.066432845209570E+05         0.000000000000000E+00         0.000000000000000E+00         6.889449592035360E+02         1.090000000000000E+02         9.101840000000000E-08     C2H5CN;v=0;
    1.018733550000000E+05         1.018539177001264E+05         0.000000000000000E+00         0.000000000000000E+00         6.915779669018340E+02         1.110000000000000E+02         8.817040000000000E-07     C2H5CN;v=0;
    1.031782789000000E+05         1.031585926223916E+05         0.000000000000000E+00         0.000000000000000E+00         7.052506405045179E+02         1.090000000000000E+02         2.915980000000000E-08     C2H5CN;v=0;
    9.839034299999999E+04         9.837157025415727E+04         0.000000000000000E+00         0.000000000000000E+00         7.054804263015080E+02         1.090000000000000E+02         1.375360000000000E-06     C2H5CN;v=0;
    9.814764800000000E+04         9.812892156003867E+04         0.000000000000000E+00         0.000000000000000E+00         7.054809097278920E+02         1.090000000000000E+02         1.365010000000000E-06     C2H5CN;v=0;
    9.411181380000000E+04         9.409385739180591E+04         0.000000000000000E+00         0.000000000000000E+00         7.132819440212720E+02         1.110000000000000E+02         6.994490000000000E-08     C2H5CN;v=0;
    1.080521000000000E+05         1.080314838038447E+05         0.000000000000000E+00         0.000000000000000E+00         7.287181815318610E+02         1.110000000000000E+02         1.826730000000000E-06     C2H5CN;v=0;
    1.077320184000000E+05         1.077114632749859E+05         0.000000000000000E+00         0.000000000000000E+00         7.287188505594460E+02         1.110000000000000E+02         1.810400000000000E-06     C2H5CN;v=0;
    1.107613896000000E+05         1.107402564750129E+05         0.000000000000000E+00         0.000000000000000E+00         7.521936832680809E+02         1.030000000000000E+02         1.715900000000000E-06     C2H5CN;v=0;
    1.107613898000000E+05         1.107402566749747E+05         0.000000000000000E+00         0.000000000000000E+00         7.521936832680809E+02         1.030000000000000E+02         1.715900000000000E-06     C2H5CN;v=0;
    1.100205556000000E+05         1.099995638251492E+05         0.000000000000000E+00         0.000000000000000E+00         7.527397594094169E+02         1.130000000000000E+02         3.684690000000000E-08     C2H5CN;v=0;
    9.626161070000000E+04         9.624324411343284E+04         0.000000000000000E+00         0.000000000000000E+00         7.668342311647549E+02         1.170000000000000E+02         5.334570000000000E-08     C2H5CN;v=0;
    1.075878976000000E+05         1.075673699730418E+05         0.000000000000000E+00         0.000000000000000E+00         7.714540349751530E+02         1.190000000000000E+02         6.125320000000000E-08     C2H5CN;v=0;
    1.017761100000000E+05         1.017566912543423E+05         0.000000000000000E+00         0.000000000000000E+00         7.749674052817850E+02         1.050000000000000E+02         1.345410000000000E-06     C2H5CN;v=0;
    1.017761100000000E+05         1.017566912543423E+05         0.000000000000000E+00         0.000000000000000E+00         7.749674052817850E+02         1.050000000000000E+02         1.345410000000000E-06     C2H5CN;v=0;
    1.004239571000000E+05         1.004047963433071E+05         7.068405600715932E-04         2.355597969686064E-02         7.777639477809299E+02         1.150000000000000E+02         2.904940000000000E-08     C2H5CN;v=0;
    9.964265880000000E+04         9.962364711397767E+04         1.053496186228494E-03         3.437886254245014E-02         7.973061600901780E+02         1.210000000000000E+02         4.476310000000000E-08     C2H5CN;v=0;
    1.034171470000000E+05         1.033974151466777E+05         0.000000000000000E+00         0.000000000000000E+00         7.973061600901780E+02         1.210000000000000E+02         2.629050000000000E-07     C2H5CN;v=0;
    9.278433500000001E+04         9.276663187298538E+04         0.000000000000000E+00         0.000000000000000E+00         7.981697063664401E+02         1.070000000000000E+02         1.029350000000000E-06     C2H5CN;v=0;
    9.278433500000001E+04         9.276663187298538E+04         0.000000000000000E+00         0.000000000000000E+00         7.981697063664401E+02         1.070000000000000E+02         1.029350000000000E-06     C2H5CN;v=0;
    9.099839180000000E+04         9.098102942855915E+04         0.000000000000000E+00         0.000000000000000E+00         8.032128564449361E+02         1.170000000000000E+02         2.236450000000000E-08     C2H5CN;v=0;
    9.119669970000000E+04         9.117929949167708E+04         0.000000000000000E+00         0.000000000000000E+00         8.235803322648940E+02         1.230000000000000E+02         3.165750000000000E-08     C2H5CN;v=0;
    9.434715100000000E+04         9.432914968978292E+04         0.000000000000000E+00         0.000000000000000E+00         8.235803322648940E+02         1.230000000000000E+02         1.840500000000000E-07     C2H5CN;v=0;
    9.605973800000000E+04         9.604140993047398E+04         0.000000000000000E+00         0.000000000000000E+00         8.467679751709769E+02         1.190000000000000E+02         1.276530000000000E-06     C2H5CN;v=0;
    9.599381789999999E+04         9.597550240794089E+04         0.000000000000000E+00         0.000000000000000E+00         8.467680974663419E+02         1.190000000000000E+02         1.273890000000000E-06     C2H5CN;v=0;
    1.055755750000000E+05         1.055554313215023E+05         0.000000000000000E+00         0.000000000000000E+00         8.721376091018520E+02         1.210000000000000E+02         1.700080000000000E-06     C2H5CN;v=0;
    1.054878575000000E+05         1.054677305578839E+05         0.000000000000000E+00         0.000000000000000E+00         8.721377788765941E+02         1.210000000000000E+02         1.695920000000000E-06     C2H5CN;v=0;
    8.970100530000000E+04         8.968389046816804E+04         0.000000000000000E+00         0.000000000000000E+00         9.186577818298559E+02         1.290000000000000E+02         5.697610000000000E-08     C2H5CN;v=0;
    1.031582600000000E+05         1.031385775419710E+05         0.000000000000000E+00         0.000000000000000E+00         9.228975391252110E+02         1.150000000000000E+02         1.409920000000000E-06     C2H5CN;v=0;
    1.031582600000000E+05         1.031385775419710E+05         0.000000000000000E+00         0.000000000000000E+00         9.228975391252110E+02         1.150000000000000E+02         1.409920000000000E-06     C2H5CN;v=0;
    9.256343459999999E+04         9.254577362048623E+04         0.000000000000000E+00         0.000000000000000E+00         9.367864208618320E+02         1.290000000000000E+02         7.040070000000000E-07     C2H5CN;v=0;
    9.436362020000000E+04         9.434561574748160E+04         0.000000000000000E+00         0.000000000000000E+00         9.461875691496409E+02         1.310000000000000E+02         6.412570000000000E-08     C2H5CN;v=0;
    9.420039000000000E+04         9.418241669158541E+04         0.000000000000000E+00         0.000000000000000E+00         9.482361229822969E+02         1.170000000000000E+02         1.082990000000000E-06     C2H5CN;v=0;
    9.420039000000000E+04         9.418241669158541E+04         0.000000000000000E+00         0.000000000000000E+00         9.482361229822969E+02         1.170000000000000E+02         1.082990000000000E-06     C2H5CN;v=0;
    1.028658390000000E+05         1.028462123355067E+05         0.000000000000000E+00         0.000000000000000E+00         9.647581980184169E+02         1.310000000000000E+02         9.155379999999999E-07     C2H5CN;v=0;
    9.911068090000001E+04         9.909177071464945E+04         0.000000000000000E+00         0.000000000000000E+00         9.741187989182679E+02         1.330000000000000E+02         7.185640000000000E-08     C2H5CN;v=0;
    9.750097030000000E+04         9.748236724527886E+04         0.000000000000000E+00         0.000000000000000E+00         9.801489258267670E+02         1.290000000000000E+02         2.575660000000000E-08     C2H5CN;v=0;
    9.998548250000000E+04         9.996640540367425E+04         6.660762923986048E-04         2.159805630298480E-02         9.898785493935831E+02         1.310000000000000E+02         7.980070000000000E-08     C2H5CN;v=0;
    9.376992160000000E+04         9.375203042438037E+04         0.000000000000000E+00         0.000000000000000E+00         1.000935061844190E+03         1.290000000000000E+02         1.184690000000000E-06     C2H5CN;v=0;
    9.375277230000000E+04         9.373488439644387E+04         0.000000000000000E+00         0.000000000000000E+00         1.000935092058339E+03         1.290000000000000E+02         1.183930000000000E-06     C2H5CN;v=0;
    1.039288421000000E+05         1.039090126159370E+05         0.000000000000000E+00         0.000000000000000E+00         1.002451367544369E+03         1.350000000000000E+02         8.016420000000000E-08     C2H5CN;v=0;
    9.320189770000000E+04         9.318411490258072E+04         0.000000000000000E+00         0.000000000000000E+00         1.002453688278766E+03         1.350000000000000E+02         5.819700000000000E-08     C2H5CN;v=0;
    9.583943130000000E+04         9.582114526469767E+04         0.000000000000000E+00         0.000000000000000E+00         1.023343848733658E+03         1.350000000000000E+02         4.567220000000000E-08     C2H5CN;v=0;
    1.031761603000000E+05         1.031564744266177E+05         0.000000000000000E+00         0.000000000000000E+00         1.028433017838619E+03         1.310000000000000E+02         1.583330000000000E-06     C2H5CN;v=0;
    1.031531642000000E+05         1.031334827142428E+05         0.000000000000000E+00         0.000000000000000E+00         1.028433059562920E+03         1.310000000000000E+02         1.582240000000000E-06     C2H5CN;v=0;
    1.088060319000000E+05         1.087852718546466E+05         0.000000000000000E+00         0.000000000000000E+00         1.031185165681500E+03         1.370000000000000E+02         8.903780000000000E-08     C2H5CN;v=0;
    9.967433229999999E+04         9.965531457071623E+04         4.723113218385338E-04         1.541202012732658E-02         1.031187036081200E+03         1.370000000000000E+02         6.880040000000000E-08     C2H5CN;v=0;
    1.025158650000000E+05         1.024963051100778E+05         0.000000000000000E+00         0.000000000000000E+00         1.036293565372915E+03         1.330000000000000E+02         3.114290000000000E-08     C2H5CN;v=0;
    1.059778948000000E+05         1.059576743594225E+05         0.000000000000000E+00         0.000000000000000E+00         1.060321586058053E+03         1.390000000000000E+02         7.998760000000001E-08     C2H5CN;v=0;
    9.245615519999999E+04         9.243851468925226E+04         0.000000000000000E+00         0.000000000000000E+00         1.065622363552458E+03         1.350000000000000E+02         2.355750000000000E-08     C2H5CN;v=0;
    1.046055790000000E+05         1.045856203954416E+05         0.000000000000000E+00         0.000000000000000E+00         1.083709145916686E+03         1.250000000000000E+02         1.478000000000000E-06     C2H5CN;v=0;
    1.046055790000000E+05         1.045856203954416E+05         0.000000000000000E+00         0.000000000000000E+00         1.083709145916686E+03         1.250000000000000E+02         1.478000000000000E-06     C2H5CN;v=0;
    9.568611700000000E+04         9.566786021686105E+04         0.000000000000000E+00         0.000000000000000E+00         1.111180535041530E+03         1.270000000000000E+02         1.140340000000000E-06     C2H5CN;v=0;
    9.568611700000000E+04         9.566786021686105E+04         0.000000000000000E+00         0.000000000000000E+00         1.111180535041530E+03         1.270000000000000E+02         1.140340000000000E-06     C2H5CN;v=0;
    9.143799840000000E+04         9.142055215220786E+04         0.000000000000000E+00         0.000000000000000E+00         1.167963727606489E+03         1.390000000000000E+02         1.095860000000000E-06     C2H5CN;v=0;
    9.143368550000001E+04         9.141624007510343E+04         0.000000000000000E+00         0.000000000000000E+00         1.167963734800334E+03         1.390000000000000E+02         1.095800000000000E-06     C2H5CN;v=0;
    1.007499759000000E+05         1.007307529393561E+05         3.874352618510565E-03         1.267183163323624E-01         1.197586145447245E+03         1.410000000000000E+02         1.470520000000000E-06     C2H5CN;v=0;
    1.007441595000000E+05         1.007249376491174E+05         3.928815500584520E-03         1.257458032383000E-01         1.197586154079859E+03         1.410000000000000E+02         1.470440000000000E-06     C2H5CN;v=0;
    1.100833699000000E+05         1.100623661402647E+05         0.000000000000000E+00         0.000000000000000E+00         1.227635943864375E+03         1.430000000000000E+02         1.924220000000000E-06     C2H5CN;v=0;
    1.100755652000000E+05         1.100545629293910E+05         0.000000000000000E+00         0.000000000000000E+00         1.227635956813296E+03         1.430000000000000E+02         1.923640000000000E-06     C2H5CN;v=0;
    1.056758626000000E+05         1.056556997867623E+05         0.000000000000000E+00         0.000000000000000E+00         1.245244069363838E+03         1.510000000000000E+02         4.492670000000000E-08     C2H5CN;v=0;
    1.084452342000000E+05         1.084245429943652E+05         0.000000000000000E+00         0.000000000000000E+00         1.245244069363838E+03         1.510000000000000E+02         2.628060000000000E-07     C2H5CN;v=0;
    8.969810910000000E+04         8.968099482075914E+04         0.000000000000000E+00         0.000000000000000E+00         1.250472873877787E+03         1.490000000000000E+02         6.507570000000000E-07     C2H5CN;v=0;
    1.061256750000000E+05         1.061054263631581E+05         0.000000000000000E+00         0.000000000000000E+00         1.257384489950747E+03         1.350000000000000E+02         1.550180000000000E-06     C2H5CN;v=0;
    1.061256750000000E+05         1.061054263631581E+05         0.000000000000000E+00         0.000000000000000E+00         1.257384489950747E+03         1.350000000000000E+02         1.550180000000000E-06     C2H5CN;v=0;
    9.770300599999999E+04         9.768436439713753E+04         0.000000000000000E+00         0.000000000000000E+00         1.277941057425299E+03         1.530000000000000E+02         1.811670000000000E-07     C2H5CN;v=0;
    9.997484830000000E+04         9.995577323266538E+04         1.512224257165253E-03         4.787589103244493E-02         1.282749527014667E+03         1.510000000000000E+02         8.552940000000000E-07     C2H5CN;v=0;
    9.724867490000000E+04         9.723011998290372E+04         0.000000000000000E+00         0.000000000000000E+00         1.286984920523645E+03         1.370000000000000E+02         1.201710000000000E-06     C2H5CN;v=0;
    9.724867490000000E+04         9.723011998290372E+04         0.000000000000000E+00         0.000000000000000E+00         1.286984920523645E+03         1.370000000000000E+02         1.201710000000000E-06     C2H5CN;v=0;
    1.108796801000000E+05         1.108585244053437E+05         0.000000000000000E+00         0.000000000000000E+00         1.311040158401956E+03         1.510000000000000E+02         1.004630000000000E-07     C2H5CN;v=0;
    1.108134015000000E+05         1.107922584512119E+05         0.000000000000000E+00         0.000000000000000E+00         1.315442272146347E+03         1.530000000000000E+02         1.107650000000000E-06     C2H5CN;v=0;
    9.484227170000000E+04         9.482417592141560E+04         0.000000000000000E+00         0.000000000000000E+00         1.344537910615595E+03         1.530000000000000E+02         6.972350000000000E-08     C2H5CN;v=0;
    1.069452262000000E+05         1.069248211938853E+05         0.000000000000000E+00         0.000000000000000E+00         1.349280648604429E+03         1.550000000000000E+02         5.896350000000000E-08     C2H5CN;v=0;
    9.825169830000000E+04         9.823295200738059E+04         0.000000000000000E+00         0.000000000000000E+00         1.379577434740713E+03         1.510000000000000E+02         1.361050000000000E-06     C2H5CN;v=0;
    9.825027480000000E+04         9.823152877898249E+04         0.000000000000000E+00         0.000000000000000E+00         1.379577437618251E+03         1.510000000000000E+02         1.361030000000000E-06     C2H5CN;v=0;
    1.074934440000000E+05         1.074729343946623E+05         0.000000000000000E+00         0.000000000000000E+00         1.411746216171818E+03         1.530000000000000E+02         1.787680000000000E-06     C2H5CN;v=0;
    1.074915249000000E+05         1.074710156608240E+05         0.000000000000000E+00         0.000000000000000E+00         1.411746219049356E+03         1.530000000000000E+02         1.787640000000000E-06     C2H5CN;v=0;
    9.201206340000000E+04         9.199450762137370E+04         0.000000000000000E+00         0.000000000000000E+00         1.429190628463078E+03         1.610000000000000E+02         6.874380000000000E-08     C2H5CN;v=0;
    1.077255832000000E+05         1.077050293028134E+05         0.000000000000000E+00         0.000000000000000E+00         1.443904488834147E+03         1.450000000000000E+02         1.627830000000000E-06     C2H5CN;v=0;
    1.077255832000000E+05         1.077050293028134E+05         0.000000000000000E+00         0.000000000000000E+00         1.443904488834147E+03         1.450000000000000E+02         1.627830000000000E-06     C2H5CN;v=0;
    9.701944409999999E+04         9.700093291983375E+04         0.000000000000000E+00         0.000000000000000E+00         1.463445983197664E+03         1.630000000000000E+02         7.836950000000001E-08     C2H5CN;v=0;
    9.889493769999999E+04         9.887606867816343E+04         0.000000000000000E+00         0.000000000000000E+00         1.475629929424361E+03         1.470000000000000E+02         1.268050000000000E-06     C2H5CN;v=0;
    9.889493769999999E+04         9.887606867816343E+04         0.000000000000000E+00         0.000000000000000E+00         1.475629929424361E+03         1.470000000000000E+02         1.268050000000000E-06     C2H5CN;v=0;
    1.020621289000000E+05         1.020426555823187E+05         0.000000000000000E+00         0.000000000000000E+00         1.498100111464597E+03         1.650000000000000E+02         8.875580000000001E-08     C2H5CN;v=0;
    9.006271679999999E+04         9.004553295409764E+04         0.000000000000000E+00         0.000000000000000E+00         1.507779979521855E+03         1.490000000000000E+02         9.637669999999999E-07     C2H5CN;v=0;
    9.006271679999999E+04         9.004553295409764E+04         0.000000000000000E+00         0.000000000000000E+00         1.507779979521855E+03         1.490000000000000E+02         9.637669999999999E-07     C2H5CN;v=0;
    1.071314760000000E+05         1.071110354576726E+05         0.000000000000000E+00         0.000000000000000E+00         1.533152878019591E+03         1.670000000000000E+02         9.986999999999999E-08     C2H5CN;v=0;
    9.565708630000000E+04         9.563883505587977E+04         0.000000000000000E+00         0.000000000000000E+00         1.574386102700818E+03         1.610000000000000E+02         1.253480000000000E-06     C2H5CN;v=0;
    9.565742419999999E+04         9.563917289140890E+04         0.000000000000000E+00         0.000000000000000E+00         1.574386102700818E+03         1.610000000000000E+02         1.253480000000000E-06     C2H5CN;v=0;
    1.048117441000000E+05         1.047917461594163E+05         0.000000000000000E+00         0.000000000000000E+00         1.608669383941694E+03         1.630000000000000E+02         1.653840000000000E-06     C2H5CN;v=0;
    1.048122015000000E+05         1.047922034721450E+05         0.000000000000000E+00         0.000000000000000E+00         1.608669383941694E+03         1.630000000000000E+02         1.653850000000000E-06     C2H5CN;v=0;
    1.094118117000000E+05         1.093909360726711E+05         0.000000000000000E+00         0.000000000000000E+00         1.643248746577542E+03         1.550000000000000E+02         1.711280000000000E-06     C2H5CN;v=0;
    1.094118117000000E+05         1.093909360726711E+05         0.000000000000000E+00         0.000000000000000E+00         1.643248746577542E+03         1.550000000000000E+02         1.711280000000000E-06     C2H5CN;v=0;
    9.346753040000000E+04         9.344969692021687E+04         0.000000000000000E+00         0.000000000000000E+00         1.645300914597926E+03         1.710000000000000E+02         7.174170000000001E-07     C2H5CN;v=0;
    1.006311448000000E+05         1.006119445121710E+05         4.838703231864384E-04         7.887875003522737E-03         1.677094902459607E+03         1.570000000000000E+02         1.339720000000000E-06     C2H5CN;v=0;
    1.006311448000000E+05         1.006119445121710E+05         4.838703231864384E-04         7.887875003522737E-03         1.677094902459607E+03         1.570000000000000E+02         1.339720000000000E-06     C2H5CN;v=0;
    1.040094850000000E+05         1.039896401293795E+05         0.000000000000000E+00         0.000000000000000E+00         1.682272814836488E+03         1.730000000000000E+02         9.414990000000000E-07     C2H5CN;v=0;
    9.185001400000000E+04         9.183248914018247E+04         0.000000000000000E+00         0.000000000000000E+00         1.711364503884831E+03         1.590000000000000E+02         1.024870000000000E-06     C2H5CN;v=0;
    9.185001400000000E+04         9.183248914018247E+04         0.000000000000000E+00         0.000000000000000E+00         1.711364503884831E+03         1.590000000000000E+02         1.024870000000000E-06     C2H5CN;v=0;
    9.295190919999999E+04         9.293417410005216E+04         0.000000000000000E+00         0.000000000000000E+00         1.781990153427088E+03         1.710000000000000E+02         1.147950000000000E-06     C2H5CN;v=0;
    9.295198720000000E+04         9.293425208516986E+04         0.000000000000000E+00         0.000000000000000E+00         1.781990153427088E+03         1.710000000000000E+02         1.147950000000000E-06     C2H5CN;v=0;
    1.113214630000000E+05         1.113002230137573E+05         0.000000000000000E+00         0.000000000000000E+00         1.791184081570903E+03         1.810000000000000E+02         2.638800000000000E-07     C2H5CN;v=0;
    1.020222317000000E+05         1.020027659946511E+05         0.000000000000000E+00         0.000000000000000E+00         1.818383185101266E+03         1.730000000000000E+02         1.522320000000000E-06     C2H5CN;v=0;
    1.020223375000000E+05         1.020028717744646E+05         0.000000000000000E+00         0.000000000000000E+00         1.818383185101266E+03         1.730000000000000E+02         1.522320000000000E-06     C2H5CN;v=0;
    1.111030056000000E+05         1.110818072951370E+05         0.000000000000000E+00         0.000000000000000E+00         1.855199344350654E+03         1.750000000000000E+02         1.971770000000000E-06     C2H5CN;v=0;
    1.111031486000000E+05         1.110819502678528E+05         0.000000000000000E+00         0.000000000000000E+00         1.855199344350654E+03         1.750000000000000E+02         1.971770000000000E-06     C2H5CN;v=0;
    1.111902683000000E+05         1.111690533455305E+05         0.000000000000000E+00         0.000000000000000E+00         1.855395580932102E+03         1.650000000000000E+02         1.801510000000000E-06     C2H5CN;v=0;
    1.111902683000000E+05         1.111690533455305E+05         0.000000000000000E+00         0.000000000000000E+00         1.855395580932102E+03         1.650000000000000E+02         1.801510000000000E-06     C2H5CN;v=0;
    1.024630060000000E+05         1.024434561955042E+05         0.000000000000000E+00         0.000000000000000E+00         1.891357898402133E+03         1.670000000000000E+02         1.417950000000000E-06     C2H5CN;v=0;
    1.024630060000000E+05         1.024434561955042E+05         0.000000000000000E+00         0.000000000000000E+00         1.891357898402133E+03         1.670000000000000E+02         1.417950000000000E-06     C2H5CN;v=0;
    9.373632190000000E+04         9.371843713515818E+04         0.000000000000000E+00         0.000000000000000E+00         1.927742432706597E+03         1.690000000000000E+02         1.091690000000000E-06     C2H5CN;v=0;
    9.373632190000000E+04         9.371843713515818E+04         0.000000000000000E+00         0.000000000000000E+00         1.927742432706597E+03         1.690000000000000E+02         1.091690000000000E-06     C2H5CN;v=0;
    9.012452929999999E+04         9.010733366035532E+04         0.000000000000000E+00         0.000000000000000E+00         2.002366409789702E+03         1.810000000000000E+02         1.044590000000000E-06     C2H5CN;v=0;
    9.012454680000000E+04         9.010735115701634E+04         0.000000000000000E+00         0.000000000000000E+00         2.002366409789702E+03         1.810000000000000E+02         1.044590000000000E-06     C2H5CN;v=0;
    9.911175500000000E+04         9.909284460971260E+04         0.000000000000000E+00         0.000000000000000E+00         2.040864189297369E+03         1.830000000000000E+02         1.393140000000000E-06     C2H5CN;v=0;
    9.911177880000000E+04         9.909286840517160E+04         0.000000000000000E+00         0.000000000000000E+00         2.040864189297369E+03         1.830000000000000E+02         1.393140000000000E-06     C2H5CN;v=0;
    1.081068011000000E+05         1.080861744669480E+05         0.000000000000000E+00         0.000000000000000E+00         2.079783625958328E+03         1.850000000000000E+02         1.813230000000000E-06     C2H5CN;v=0;
    1.081068334000000E+05         1.080862067607852E+05         0.000000000000000E+00         0.000000000000000E+00         2.079783625958328E+03         1.850000000000000E+02         1.813240000000000E-06     C2H5CN;v=0;
    9.373651290000000E+04         9.371862809871565E+04         0.000000000000000E+00         0.000000000000000E+00         2.093357756833433E+03         1.930000000000000E+02         7.144580000000000E-07     C2H5CN;v=0;
    1.043956983000000E+05         1.043757797403985E+05         0.000000000000000E+00         0.000000000000000E+00         2.118395727173197E+03         1.770000000000000E+02         1.503310000000000E-06     C2H5CN;v=0;
    1.043956983000000E+05         1.043757797403985E+05         0.000000000000000E+00         0.000000000000000E+00         2.118395727173197E+03         1.770000000000000E+02         1.503310000000000E-06     C2H5CN;v=0;
    1.042648156000000E+05         1.042449220126426E+05         0.000000000000000E+00         0.000000000000000E+00         2.134992940481573E+03         1.950000000000000E+02         9.385640000000000E-07     C2H5CN;v=0;
    9.572661880000000E+04         9.570835428917178E+04         0.000000000000000E+00         0.000000000000000E+00         2.156890329878912E+03         1.790000000000000E+02         1.165050000000000E-06     C2H5CN;v=0;
    9.572661880000000E+04         9.570835428917178E+04         0.000000000000000E+00         0.000000000000000E+00         2.156890329878912E+03         1.790000000000000E+02         1.165050000000000E-06     C2H5CN;v=0;
    9.607150290000001E+04         9.605317258574681E+04         0.000000000000000E+00         0.000000000000000E+00         2.276087815161638E+03         1.930000000000000E+02         1.266960000000000E-06     C2H5CN;v=0;
    9.607150810000001E+04         9.605317778475465E+04         0.000000000000000E+00         0.000000000000000E+00         2.276087815161638E+03         1.930000000000000E+02         1.266960000000000E-06     C2H5CN;v=0;
    1.049817099000000E+05         1.049616795301690E+05         0.000000000000000E+00         0.000000000000000E+00         2.317105243196862E+03         1.950000000000000E+02         1.657640000000000E-06     C2H5CN;v=0;
    1.049817169000000E+05         1.049616865288334E+05         0.000000000000000E+00         0.000000000000000E+00         2.317105243196862E+03         1.950000000000000E+02         1.657640000000000E-06     C2H5CN;v=0;
    1.064338641000000E+05         1.064135566610900E+05         0.000000000000000E+00         0.000000000000000E+00         2.358183968546562E+03         1.870000000000000E+02         1.596120000000000E-06     C2H5CN;v=0;
    1.064338641000000E+05         1.064135566610900E+05         0.000000000000000E+00         0.000000000000000E+00         2.358183968546562E+03         1.870000000000000E+02         1.596120000000000E-06     C2H5CN;v=0;
